0	 rgb(255, 0, 0)		start
15	 rgb(255, 64, 0)	+64
30	 rgb(255, 128, 0)	+64
45	 rgb(255, 191, 0)	+63
60	 rgb(255, 255, 0)	+64
75	 rgb(191, 255, 0)	-64
90	 rgb(128, 255, 0)	-63
105	 rgb(64, 255, 0)	-64
120	 rgb(0, 255, 0)		-64
135	 rgb(0, 255, 64)	+64
150	 rgb(0, 255, 128)	+64
165	 rgb(0, 255, 191)	+63
180	 rgb(0, 255, 255)	+64
195	 rgb(0, 191, 255)	-64
210	 rgb(0, 128, 255)	-63
225	 rgb(0, 64, 255)	-64
240	 rgb(0, 0, 255)		-64
255	 rgb(64, 0, 255)	+64
270	 rgb(128, 0, 255)	+64
285	 rgb(191, 0, 255)	+63
300	 rgb(255, 0, 255)	+64
315	 rgb(255, 0, 191)	-64
330	 rgb(255, 0, 128)	-63
345	 rgb(255, 0, 64)	-64
360	 rgb(255, 0, 0)		-64
