1	 rgb(255, 0, 0)		start
2	 rgb(255, 64, 0)	+64
3	 rgb(255, 128, 0)	+64
4	 rgb(255, 191, 0)	+63
5	 rgb(255, 255, 0)	+64
6	 rgb(191, 255, 0)	-64
7	 rgb(128, 255, 0)	-63
8	 rgb(64, 255, 0)	-64
9	 rgb(0, 255, 0)		-64
10	 rgb(0, 255, 64)	+64
11	 rgb(0, 255, 128)	+64
12	 rgb(0, 255, 191)	+63
13	 rgb(0, 255, 255)	+64
14	 rgb(0, 191, 255)	-64
15	 rgb(0, 128, 255)	-63
16	 rgb(0, 64, 255)	-64
17	 rgb(0, 0, 255)		-64
18	 rgb(64, 0, 255)	+64
19	 rgb(128, 0, 255)	+64
20	 rgb(191, 0, 255)	+63
21	 rgb(255, 0, 255)	+64
22	 rgb(255, 0, 191)	-64
23	 rgb(255, 0, 128)	-63
24	 rgb(255, 0, 64)	-64
25	 rgb(255, 0, 0)		-64
